,ID,Stim,Period,Nback,happiness,sadness,disgust,surprise,anger,fear,AU12
0,3,0,1,1,0,0,1,0,-16,0,0
1,13,0,1,1,0,0,0,-9,-1,0,0
2,15,0,1,1,0,0,7,0,7,0,0
3,17,0,1,1,0,0,0,0,8,0,0
4,20,0,1,1,0,0,-1,0,-1,0,0
5,1,0,2,1,1,0,16,0,42,0,1
6,2,0,2,1,-4,-5,-15,0,4,0,-5
7,9,0,2,1,-4,-28,11,0,-14,0,-41
8,10,0,2,1,0,0,0,0,2,0,0
9,18,0,2,1,0,2,3,0,60,0,-25
10,3,0,1,2,-2,0,-22,0,-45,0,-2
11,13,0,1,2,0,0,0,-1,3,0,2
12,15,0,1,2,-1,0,0,0,8,0,-1
13,17,0,1,2,0,0,0,0,-24,0,0
14,20,0,1,2,0,0,0,0,0,0,-2
15,1,0,2,2,0,0,11,0,7,0,0
16,2,0,2,2,0,0,-3,0,-17,0,0
17,9,0,2,2,0,-9,-42,0,-30,0,29
18,10,0,2,2,0,0,0,0,0,0,0
19,18,0,2,2,0,-1,4,0,-3,0,-21
20,3,0,1,3,0,0,-55,0,-41,0,0
21,13,0,1,3,0,0,0,-11,3,0,0
22,15,0,1,3,0,-1,-4,0,-3,0,0
23,17,0,1,3,0,0,2,0,33,0,0
24,20,0,1,3,7,0,-17,0,-17,0,7
25,1,0,2,3,-9,0,19,0,116,0,-9
26,2,0,2,3,0,0,0,0,31,0,0
27,9,0,2,3,3,5,38,0,32,0,26
28,10,0,2,3,0,0,0,0,-1,0,0
29,18,0,2,3,0,0,0,0,115,0,0
30,1,1,1,1,0,0,-11,0,-23,0,0
31,2,1,1,1,0,0,-44,0,-82,0,0
32,9,1,1,1,0,0,-59,0,-52,0,0
33,10,1,1,1,0,0,0,0,13,0,1
34,18,1,1,1,0,0,0,0,-2,0,2
35,3,1,2,1,-2,0,-29,0,-69,0,-2
36,13,1,2,1,0,0,0,0,63,0,62
37,15,1,2,1,0,1,17,0,-30,0,-3
38,17,1,2,1,0,0,0,0,-20,0,0
39,20,1,2,1,0,-1,-4,0,-29,0,-15
40,1,1,1,2,0,0,-4,0,-4,0,0
41,2,1,1,2,0,-1,46,0,-9,0,0
42,9,1,1,2,0,32,62,0,-117,0,-200
43,10,1,1,2,0,0,0,0,10,0,0
44,18,1,1,2,0,4,9,0,74,0,13
45,3,1,2,2,0,-1,-22,0,-43,0,-5
46,13,1,2,2,0,0,0,0,104,0,106
47,15,1,2,2,0,0,-43,0,-78,0,0
48,17,1,2,2,0,0,0,0,-5,0,0
49,20,1,2,2,0,-3,-5,0,-30,0,-39
50,1,1,1,3,-3,0,-8,0,-10,0,-3
51,2,1,1,3,22,0,-11,7,-16,0,32
52,9,1,1,3,0,2,-116,0,-114,0,0
53,10,1,1,3,-1,0,0,0,-2,0,-8
54,18,1,1,3,1,0,0,0,-3,0,2
55,3,1,2,3,-36,0,-108,0,-115,0,-20
56,13,1,2,3,0,0,0,-8,78,0,77
57,15,1,2,3,0,0,-102,0,-174,0,0
58,17,1,2,3,0,0,5,0,17,0,0
59,20,1,2,3,0,-3,2,0,-68,0,-40
