,ID,Stim,Period,Task,Nback,happiness,sadness,disgust,surprise,anger,fear,AU12
0,1,0,1,1,1,0,0,3,0,25,0,0
1,1,0,1,2,1,1,0,3,0,46,0,1
2,2,0,1,1,1,9,14,9,0,9,0,10
3,2,0,1,2,1,5,6,0,0,3,0,5
4,3,0,1,1,1,0,19,0,0,23,0,0
5,3,0,1,2,1,0,8,1,0,8,0,0
6,9,0,1,1,1,5,103,172,0,44,0,48
7,9,0,1,2,1,1,105,195,0,19,0,7
8,10,0,1,1,1,0,0,0,0,0,0,0
9,10,0,1,2,1,0,0,0,0,1,0,0
10,13,0,1,1,1,0,2,0,9,0,0,0
11,13,0,1,2,1,0,1,0,0,0,0,0
12,15,0,1,1,1,0,0,0,0,8,0,0
13,15,0,1,2,1,0,2,6,0,27,0,0
14,17,0,1,1,1,0,5,0,0,3,0,0
15,17,0,1,2,1,0,10,0,0,4,0,0
16,18,0,1,1,1,0,1,0,2,34,0,26
17,18,0,1,2,1,0,3,3,0,24,0,1
18,20,0,1,1,1,0,1,1,0,0,0,0
19,20,0,1,2,1,0,0,0,0,0,0,0
20,1,0,2,1,1,0,0,3,0,25,0,0
21,1,0,2,2,1,1,0,3,0,46,0,1
22,2,0,2,1,1,9,14,9,0,9,0,10
23,2,0,2,2,1,5,6,0,0,3,0,5
24,3,0,2,1,1,0,19,0,0,23,0,0
25,3,0,2,2,1,0,8,1,0,8,0,0
26,9,0,2,1,1,5,103,172,0,44,0,48
27,9,0,2,2,1,1,105,195,0,19,0,7
28,10,0,2,1,1,0,0,0,0,0,0,0
29,10,0,2,2,1,0,0,0,0,1,0,0
30,13,0,2,1,1,0,2,0,9,0,0,0
31,13,0,2,2,1,0,1,0,0,0,0,0
32,15,0,2,1,1,0,0,0,0,8,0,0
33,15,0,2,2,1,0,2,6,0,27,0,0
34,17,0,2,1,1,0,5,0,0,3,0,0
35,17,0,2,2,1,0,10,0,0,4,0,0
36,18,0,2,1,1,0,1,0,2,34,0,26
37,18,0,2,2,1,0,3,3,0,24,0,1
38,20,0,2,1,1,0,1,1,0,0,0,0
39,20,0,2,2,1,0,0,0,0,0,0,0
40,1,0,1,1,2,0,0,2,0,8,0,0
41,1,0,1,2,2,0,0,1,0,49,0,0
42,2,0,1,1,2,0,1,0,0,0,0,0
43,2,0,1,2,2,0,0,0,0,2,0,0
44,3,0,1,1,2,2,20,18,0,27,0,2
45,3,0,1,2,2,0,9,0,0,10,0,0
46,9,0,1,1,2,1,67,170,0,40,0,36
47,9,0,1,2,2,1,53,114,0,75,0,65
48,10,0,1,1,2,0,0,0,0,0,0,0
49,10,0,1,2,2,0,0,0,0,0,0,0
50,13,0,1,1,2,0,0,0,1,0,0,0
51,13,0,1,2,2,0,0,0,0,3,0,2
52,15,0,1,1,2,1,2,0,0,14,0,1
53,15,0,1,2,2,0,0,2,0,25,0,0
54,17,0,1,1,2,0,5,0,0,40,0,0
55,17,0,1,2,2,0,24,0,0,10,0,0
56,18,0,1,1,2,0,3,0,1,21,0,21
57,18,0,1,2,2,0,8,3,2,5,0,0
58,20,0,1,1,2,0,0,0,0,0,0,2
59,20,0,1,2,2,0,0,0,0,0,0,0
60,1,0,2,1,2,0,0,2,0,8,0,0
61,1,0,2,2,2,0,0,1,0,49,0,0
62,2,0,2,1,2,0,1,0,0,0,0,0
63,2,0,2,2,2,0,0,0,0,2,0,0
64,3,0,2,1,2,2,20,18,0,27,0,2
65,3,0,2,2,2,0,9,0,0,10,0,0
66,9,0,2,1,2,1,67,170,0,40,0,36
67,9,0,2,2,2,1,53,114,0,75,0,65
68,10,0,2,1,2,0,0,0,0,0,0,0
69,10,0,2,2,2,0,0,0,0,0,0,0
70,13,0,2,1,2,0,0,0,1,0,0,0
71,13,0,2,2,2,0,0,0,0,3,0,2
72,15,0,2,1,2,1,2,0,0,14,0,1
73,15,0,2,2,2,0,0,2,0,25,0,0
74,17,0,2,1,2,0,5,0,0,40,0,0
75,17,0,2,2,2,0,24,0,0,10,0,0
76,18,0,2,1,2,0,3,0,1,21,0,21
77,18,0,2,2,2,0,8,3,2,5,0,0
78,20,0,2,1,2,0,0,0,0,0,0,2
79,20,0,2,2,2,0,0,0,0,0,0,0
80,1,0,1,1,3,9,0,0,0,19,0,9
81,1,0,1,2,3,0,0,6,0,87,0,0
82,2,0,1,1,3,0,0,0,0,3,0,0
83,2,0,1,2,3,0,0,0,0,10,0,0
84,3,0,1,1,3,0,9,50,0,39,0,0
85,3,0,1,2,3,0,53,0,0,54,0,0
86,9,0,1,1,3,1,103,143,0,25,0,6
87,9,0,1,2,3,4,75,164,0,40,0,32
88,10,0,1,1,3,0,0,0,0,0,0,0
89,10,0,1,2,3,0,0,0,0,0,0,0
90,13,0,1,1,3,0,0,0,19,0,0,0
91,13,0,1,2,3,0,1,0,0,1,0,0
92,15,0,1,1,3,0,5,2,0,14,0,0
93,15,0,1,2,3,0,0,1,0,15,0,0
94,17,0,1,1,3,0,0,0,0,7,0,0
95,17,0,1,2,3,0,38,2,0,18,0,0
96,18,0,1,1,3,0,0,0,0,0,0,0
97,18,0,1,2,3,0,41,0,0,32,0,0
98,20,0,1,1,3,0,6,17,0,0,0,0
99,20,0,1,2,3,7,0,0,0,0,0,7
100,1,0,2,1,3,9,0,0,0,19,0,9
101,1,0,2,2,3,0,0,6,0,87,0,0
102,2,0,2,1,3,0,0,0,0,3,0,0
103,2,0,2,2,3,0,0,0,0,10,0,0
104,3,0,2,1,3,0,9,50,0,39,0,0
105,3,0,2,2,3,0,53,0,0,54,0,0
106,9,0,2,1,3,1,103,143,0,25,0,6
107,9,0,2,2,3,4,75,164,0,40,0,32
108,10,0,2,1,3,0,0,0,0,0,0,0
109,10,0,2,2,3,0,0,0,0,0,0,0
110,13,0,2,1,3,0,0,0,19,0,0,0
111,13,0,2,2,3,0,1,0,0,1,0,0
112,15,0,2,1,3,0,5,2,0,14,0,0
113,15,0,2,2,3,0,0,1,0,15,0,0
114,17,0,2,1,3,0,0,0,0,7,0,0
115,17,0,2,2,3,0,38,2,0,18,0,0
116,18,0,2,1,3,0,0,0,0,0,0,0
117,18,0,2,2,3,0,41,0,0,32,0,0
118,20,0,2,1,3,0,6,17,0,0,0,0
119,20,0,2,2,3,7,0,0,0,0,0,7
120,1,1,1,1,1,0,0,0,0,2,0,0
121,1,1,1,2,1,0,0,0,0,0,0,0
122,2,1,1,1,1,0,11,71,0,101,0,0
123,2,1,1,2,1,0,10,27,0,96,0,0
124,3,1,1,1,1,2,44,28,0,10,0,2
125,3,1,1,2,1,0,0,0,0,0,0,0
126,9,1,1,1,1,0,123,184,0,0,0,0
127,9,1,1,2,1,0,122,121,0,2,0,0
128,10,1,1,1,1,0,0,0,0,0,0,0
129,10,1,1,2,1,0,0,0,0,3,0,1
130,13,1,1,1,1,0,1,0,1,84,0,84
131,13,1,1,2,1,0,1,0,1,147,0,146
132,15,1,1,1,1,0,9,34,0,80,0,3
133,15,1,1,2,1,0,3,47,0,57,0,0
134,17,1,1,1,1,0,6,0,0,8,0,0
135,17,1,1,2,1,0,2,0,0,11,0,0
136,18,1,1,1,1,0,6,0,1,19,0,0
137,18,1,1,2,1,0,6,0,0,5,0,2
138,20,1,1,1,1,0,12,4,0,16,0,15
139,20,1,1,2,1,0,0,0,0,0,0,0
140,1,1,2,1,1,0,0,0,0,2,0,0
141,1,1,2,2,1,0,0,0,0,0,0,0
142,2,1,2,1,1,0,11,71,0,101,0,0
143,2,1,2,2,1,0,10,27,0,96,0,0
144,3,1,2,1,1,2,44,28,0,10,0,2
145,3,1,2,2,1,0,0,0,0,0,0,0
146,9,1,2,1,1,0,123,184,0,0,0,0
147,9,1,2,2,1,0,122,121,0,2,0,0
148,10,1,2,1,1,0,0,0,0,0,0,0
149,10,1,2,2,1,0,0,0,0,3,0,1
150,13,1,2,1,1,0,1,0,1,84,0,84
151,13,1,2,2,1,0,1,0,1,147,0,146
152,15,1,2,1,1,0,9,34,0,80,0,3
153,15,1,2,2,1,0,3,47,0,57,0,0
154,17,1,2,1,1,0,6,0,0,8,0,0
155,17,1,2,2,1,0,2,0,0,11,0,0
156,18,1,2,1,1,0,6,0,1,19,0,0
157,18,1,2,2,1,0,6,0,0,5,0,2
158,20,1,2,1,1,0,12,4,0,16,0,15
159,20,1,2,2,1,0,0,0,0,0,0,0
160,1,1,1,1,2,0,0,1,0,2,0,0
161,1,1,1,2,2,0,0,3,0,0,0,0
162,2,1,1,1,2,0,25,77,0,113,0,0
163,2,1,1,2,2,0,17,123,0,60,0,0
164,3,1,1,1,2,0,19,20,0,5,0,5
165,3,1,1,2,2,0,6,0,0,3,0,0
166,9,1,1,1,2,0,26,87,0,200,0,200
167,9,1,1,2,2,0,137,145,0,0,0,0
168,10,1,1,1,2,0,0,0,0,0,0,0
169,10,1,1,2,2,0,1,0,0,5,0,0
170,13,1,1,1,2,0,4,0,0,26,0,26
171,13,1,1,2,2,0,2,0,0,134,0,132
172,15,1,1,1,2,0,9,52,0,116,0,0
173,15,1,1,2,2,0,4,8,0,33,0,0
174,17,1,1,1,2,0,6,0,0,27,0,0
175,17,1,1,2,2,0,14,0,0,13,0,0
176,18,1,1,1,2,0,0,0,0,0,0,0
177,18,1,1,2,2,0,28,9,3,16,1,13
178,20,1,1,1,2,0,20,5,0,39,0,39
179,20,1,1,2,2,0,28,0,0,2,0,0
180,1,1,2,1,2,0,0,1,0,2,0,0
181,1,1,2,2,2,0,0,3,0,0,0,0
182,2,1,2,1,2,0,25,77,0,113,0,0
183,2,1,2,2,2,0,17,123,0,60,0,0
184,3,1,2,1,2,0,19,20,0,5,0,5
185,3,1,2,2,2,0,6,0,0,3,0,0
186,9,1,2,1,2,0,26,87,0,200,0,200
187,9,1,2,2,2,0,137,145,0,0,0,0
188,10,1,2,1,2,0,0,0,0,0,0,0
189,10,1,2,2,2,0,1,0,0,5,0,0
190,13,1,2,1,2,0,4,0,0,26,0,26
191,13,1,2,2,2,0,2,0,0,134,0,132
192,15,1,2,1,2,0,9,52,0,116,0,0
193,15,1,2,2,2,0,4,8,0,33,0,0
194,17,1,2,1,2,0,6,0,0,27,0,0
195,17,1,2,2,2,0,14,0,0,13,0,0
196,18,1,2,1,2,0,0,0,0,0,0,0
197,18,1,2,2,2,0,28,9,3,16,1,13
198,20,1,2,1,2,0,20,5,0,39,0,39
199,20,1,2,2,2,0,28,0,0,2,0,0
200,1,1,1,1,3,3,0,2,0,4,0,3
201,1,1,1,2,3,0,0,0,0,0,0,0
202,2,1,1,1,3,5,1,7,0,12,0,5
203,2,1,1,2,3,27,0,0,11,0,0,37
204,3,1,1,1,3,36,7,72,0,14,0,36
205,3,1,1,2,3,0,6,2,0,20,0,16
206,9,1,1,1,3,0,61,110,0,1,0,0
207,9,1,1,2,3,0,64,48,0,1,0,0
208,10,1,1,1,3,1,1,0,0,1,0,8
209,10,1,1,2,3,0,0,0,0,0,0,0
210,13,1,1,1,3,0,0,0,8,190,0,190
211,13,1,1,2,3,0,1,0,0,267,0,267
212,15,1,1,1,3,0,4,104,0,194,0,0
213,15,1,1,2,3,0,3,2,0,23,0,0
214,17,1,1,1,3,0,0,0,0,24,0,0
215,17,1,1,2,3,0,1,5,0,19,0,0
216,18,1,1,1,3,0,0,0,0,16,0,0
217,18,1,1,2,3,1,2,0,0,2,0,2
218,20,1,1,1,3,0,102,5,0,40,0,40
219,20,1,1,2,3,0,42,7,0,1,0,0
220,1,1,2,1,3,3,0,2,0,4,0,3
221,1,1,2,2,3,0,0,0,0,0,0,0
222,2,1,2,1,3,5,1,7,0,12,0,5
223,2,1,2,2,3,27,0,0,11,0,0,37
224,3,1,2,1,3,36,7,72,0,14,0,36
225,3,1,2,2,3,0,6,2,0,20,0,16
226,9,1,2,1,3,0,61,110,0,1,0,0
227,9,1,2,2,3,0,64,48,0,1,0,0
228,10,1,2,1,3,1,1,0,0,1,0,8
229,10,1,2,2,3,0,0,0,0,0,0,0
230,13,1,2,1,3,0,0,0,8,190,0,190
231,13,1,2,2,3,0,1,0,0,267,0,267
232,15,1,2,1,3,0,4,104,0,194,0,0
233,15,1,2,2,3,0,3,2,0,23,0,0
234,17,1,2,1,3,0,0,0,0,24,0,0
235,17,1,2,2,3,0,1,5,0,19,0,0
236,18,1,2,1,3,0,0,0,0,16,0,0
237,18,1,2,2,3,1,2,0,0,2,0,2
238,20,1,2,1,3,0,102,5,0,40,0,40
239,20,1,2,2,3,0,42,7,0,1,0,0
