,ID,Session,Task,RestTimeStamp,RestOffset,1BackStart,2BackStart,3BackStart,1NbackOffset,2NbackOffset,3NbackOffset
0,1,1,1,1634026302801.0,61108.0,1634027041124.0,1634027121623.0,1634027189090.0,19063.0,99562.0,167029.0
1,1,1,2,1634028352749.0,24530.0,1634029075295.0,1634029141512.0,1634029212279.0,13103.0,79320.0,150087.0
2,1,2,1,1634630982812.0,36247.0,1634631662283.0,1634631725617.0,1634631790384.0,11851.0,75185.0,139952.0
3,1,2,2,1634632961407.0,27945.0,1634633616973.0,1634633680639.0,1634633744604.0,7437.0,71103.0,135068.0
4,2,1,1,1633513248158.0,80699.0,1633514074060.0,1633514152542.0,1633514247591.0,15114.0,93596.0,188645.0
5,2,1,2,1633515821584.0,22859.0,1633516592181.0,1633516657499.0,1633516736784.0,7537.0,72855.0,152140.0
6,2,2,1,1634117087639.0,33378.0,1634118114244.0,1634118204439.0,1634118295699.0,20142.0,110337.0,201597.0
7,2,2,2,1634119503107.0,20521.0,1634120233978.0,1634120321153.0,1634120390631.0,7895.0,95070.0,164548.0
8,3,1,1,1634655251870.0,55104.0,1634655973232.0,1634656040812.0,1634656108658.0,19176.0,86756.0,154602.0
9,3,1,2,1634657283305.0,29071.0,1634658025012.0,1634658088309.0,1634658153673.0,14919.0,78216.0,143580.0
10,3,2,1,1635869190142.0,35685.0,1635869854524.0,1635869918694.0,1635869982678.0,12289.0,76459.0,140443.0
11,3,2,2,1635871155744.0,25935.0,1635871817839.0,1635871882388.0,1635871945789.0,7524.0,72073.0,135474.0
12,9,1,1,1633620139073.0,29807.0,1633620883393.0,1633620958460.0,1633621028394.0,13492.0,88559.0,158493.0
13,9,1,2,1633622258485.0,27149.0,1633622939543.0,1633623001793.0,1633623066810.0,8485.0,70735.0,135752.0
14,9,2,1,1634800596705.0,39946.0,1634801273654.0,1634801337435.0,1634801406133.0,16450.0,80231.0,148929.0
15,9,2,2,1634802520436.0,21613.0,1634803186535.0,1634803252315.0,1634803314947.0,11930.0,77710.0,140342.0
16,10,1,1,1633433202945.0,67307.0,1633433935543.0,1633434000510.0,1633434064776.0,12916.0,77883.0,142149.0
17,10,1,2,1633435305114.0,26206.0,1633436012622.0,1633436075456.0,1633436140739.0,8965.0,71799.0,137082.0
18,10,2,1,1634667064930.0,38104.0,1634667748982.0,1634667813868.0,1634667877598.0,11918.0,76804.0,140534.0
19,10,2,2,1634668989986.0,28651.0,1634669662733.0,1634669724616.0,1634669786698.0,7290.0,69173.0,131255.0
20,13,1,1,1635247023493.0,58059.0,1635247724021.0,1635247804921.0,1635247869921.0,13580.0,94480.0,159480.0
21,13,1,2,1635249077473.0,29297.0,1635249742984.0,1635249805618.0,1635249872002.0,12174.0,74808.0,141192.0
22,13,2,1,1635855892137.0,42735.0,1635856636025.0,1635856698375.0,1635856763893.0,9092.0,71442.0,136960.0
23,13,2,2,1635858281196.0,24911.0,1635858942732.0,1635859008063.0,1635859074163.0,7660.0,72991.0,139091.0
24,15,1,1,1633598648206.0,68075.0,1633599345752.0,1633599422767.0,1633599503251.0,10439.0,87454.0,167938.0
25,15,1,2,1633600710712.0,29792.0,1633601415100.0,1633601484748.0,1633601554214.0,11022.0,80670.0,150136.0
26,15,2,1,1634715550964.0,82670.0,1634716220517.0,1634716288966.0,1634716357698.0,12770.0,81219.0,149951.0
27,15,2,2,1634717639748.0,101997.0,1634718329112.0,1634718410861.0,1634718492560.0,11892.0,93641.0,175340.0
28,17,1,1,1633372141562.0,52632.0,1633372948687.0,1633373025270.0,1633373095370.0,11510.0,88093.0,158193.0
29,17,1,2,1633374272315.0,37511.0,1633374994208.0,1633375059542.0,1633375125543.0,11595.0,76929.0,142930.0
30,17,2,1,1634139304247.0,117956.0,1634139988864.0,1634140054063.0,1634140119943.0,10195.0,75394.0,141274.0
31,17,2,2,1634141248660.0,28451.0,1634141930626.0,1634141992688.0,1634142054636.0,14249.0,76311.0,138259.0
32,18,1,1,1633529588113.0,53259.0,1633530304217.0,1633530382848.0,1633530459115.0,18565.0,97196.0,173463.0
33,18,1,2,1633531621942.0,31860.0,1633532305462.0,1633532368780.0,1633532432446.0,7934.0,71252.0,134918.0
34,18,2,1,1634130928037.0,28240.0,1634131604559.0,1634131668609.0,1634131731644.0,16537.0,80587.0,143622.0
35,18,2,2,1634132901401.0,25436.0,1634133581312.0,1634133643178.0,1634133705626.0,8016.0,69882.0,132330.0
36,20,1,1,1633520780013.0,68593.0,1633521509468.0,1633521578302.0,1633521659369.0,16767.0,85601.0,166668.0
37,20,1,2,1633523203161.0,31231.0,1633524003150.0,1633524067900.0,1633524133966.0,14113.0,78863.0,144929.0
38,20,2,1,1637771090849.0,51848.0,1637771771460.0,1637771848377.0,1637771916376.0,24152.0,101069.0,169068.0
39,20,2,2,1637773227211.0,31544.0,1637774093334.0,1637774159499.0,1637774226615.0,10765.0,76930.0,144046.0
